r 23.0 55.0 2.0
T 39.0 8.0 4.0
v 39.0 41.0 8.0
k 84.0 74.0 13.0
N 68.0 7.0 17.0
s 90.0 99.0 20.0
f 73.0 82.0 25.0
O 61.0 99.0 26.0
Z 67.0 26.0 27.0
K 40.0 75.0 29.0
D 34.0 94.0 31.0
x 23.0 8.0 40.0
G 55.0 86.0 41.0
M 4.0 67.0 43.0
Q 25.0 68.0 47.0
Y 61.0 27.0 51.0
J 84.0 49.0 55.0
h 5.0 22.0 56.0
V 100.0 43.0 65.0
l 44.0 98.0 67.0
I 1.0 54.0 72.0
g 23.0 98.0 72.0
y 64.0 14.0 77.0
X 72.0 97.0 78.0
B 71.0 66.0 79.0
b 61.0 52.0 80.0
S 97.0 8.0 82.0
o 54.0 45.0 83.0
d 62.0 63.0 92.0
a 100.0 38.0 95.0
Nieeeno,_za_taki_programik_to_5_sie_nalezy 5.0 5.0 999.0
